0.0452476
0.00448829
0.00280003
0.00224488
0.00207944
0.0018912
0.00182502
0.00177355
0.00178899
0.00177281
0.00175002
0.00167428
0.00168825
0.00166031
0.0017287
0.00174781
0.00169708
0.00174781
0.00168899
0.0017684
0.00170296
0.0017037
0.0017184
0.00173826
0.00169634
0.00176767
0.00174708
0.00172723
0.00168899
0.00174267
0.00177355
0.00173458
0.0017434
0.00171546
0.00169414
0.00173384
0.00169487
0.00170223
0.00171252
0.00171546
0.00171399
0.00170223
0.00171399
0.00174708
0.00165737
0.0016662
0.00170075
0.00174781
0.00171914
0.00169781
0.00169193
0.00171987
0.00171693
0.00166325
0.00169708
0.0017162
0.00161619
0.00165884
0.00164267
0.00157943
0.00162649
0.00170223
0.00173311
0.00189635
0.00204414
0.00236988
0.00264709
0.00287944
0.00317577
0.00342504
0.00357283
0.00375813
0.0038596
0.00392063
0.00385004
0.00393387
0.00378754
0.00362431
0.00365739
0.00356475
0.00330739
0.00337136
0.00301106
0.00295812
0.00275371
0.00266841
0.00247135
0.0024412
0.0023162
0.00232282
0.00208311
0.00201693
0.00190076
0.0017662
0.00170884
0.00161914
0.00155737
0.00149855
0.00135075
0.00136104
0.00131472
0.00124854
0.00118457
0.00111913
0.00106692
0.00100148
0.000997805
0.000974276
0.000855157
0.000866186
0.000803686
0.00079045
0.000800009
0.00070589
0.000705155
0.000684567
0.000637507
0.000622066
0.000566183
0.00058236
0.0005478
0.000530888
0.000517653
0.000455152
0.000504418
0.000433093
0.000384563
0.000383828
0.000386769
0.000356622
0.000330151
0.00031618
0.000318386
0.000283827
0.000259562
0.000273533
0.000232356
0.00023162
0.000224267
0.000216179
0.000185296
0.000186032
0.000175737
0.000164708
0.000150737
0.000141913
0.000142649
0.000111031
0.00013456
0.000118384
0.000127207
0.000123531
0.000107354
0.000105884
8.30892e-05
9.26481e-05
8.89716e-05
8.60304e-05
7.86774e-05
7.94127e-05
7.50009e-05
7.20596e-05
6.10301e-05
5.73536e-05
6.39713e-05
6.10301e-05
6.76478e-05
5.80889e-05
6.02948e-05
5.88242e-05
5.29418e-05
4.92653e-05
4.77947e-05
5.22065e-05
5.80889e-05
4.19122e-05
4.48535e-05
3.67651e-05
4.853e-05
4.11769e-05
3.82357e-05
4.26475e-05
3.1618e-05
3.52945e-05
4.04416e-05
3.60298e-05
2.94121e-05
3.01474e-05
3.67651e-05
2.50003e-05
2.50003e-05
2.79415e-05
2.79415e-05
3.45592e-05
2.64709e-05
2.35297e-05
3.08827e-05
2.05885e-05
2.64709e-05
2.05885e-05
