0.00100276
0.000862018
0.000867882
0.000858109
0.000867882
0.000811196
0.000867882
0.000824879
0.000819015
0.000772103
0.000789695
0.000777967
0.000760375
0.000766239
0.000797514
0.000715417
0.000764284
0.00082097
0.000793604
0.000715417
0.000756465
0.000813151
0.000701734
0.000760375
0.000731054
0.000738873
0.000740828
0.000797514
0.000713462
0.000748646
0.000776012
0.000803378
0.00100471
0.00125687
0.00166149
0.00215211
0.00287926
0.00339725
0.00398757
0.00439414
0.00505287
0.00549659
0.00528353
0.0057116
0.00563146
0.0056256
0.00546727
0.0053539
0.00506265
0.00474403
0.00470885
0.00448992
0.00428077
0.00408726
0.00401689
0.0037491
0.00341484
0.00328192
0.00323697
0.00306886
0.00282453
0.00256651
0.00250005
0.00234758
0.00225962
0.00206024
0.00198987
0.00186868
0.00181591
0.0016869
0.00167517
0.00148166
0.00152075
0.00138588
0.0013331
0.00132919
0.00129596
0.00114936
0.00105749
0.00112395
0.00105749
0.000963662
0.000928478
0.000881565
0.000785785
0.000803378
0.000809242
0.000760375
0.000781876
0.000660685
0.000717371
0.00063332
0.000539495
0.000607909
0.00050431
0.000545359
0.000502355
0.00044176
0.000498446
0.000478899
0.000443715
0.000430032
0.000463262
0.000390938
0.000414394
0.000310796
0.00034598
0.000340116
0.000308841
0.000326433
0.000285385
0.000308841
0.000332297
0.000304932
0.000306886
0.000236518
0.000279521
0.00022088
0.000201333
0.000246291
0.000201333
0.000205242
0.000197424
0.00018765
0.000213061
0.000170058
0.000166149
0.000195469
0.00018765
0.000146602
0.000123145
0.000146602
0.000134874
0.000134874
0.000134874
0.000140738
0.000150511
9.96892e-05
0.000109463
9.57798e-05
0.00012901
0.000123145
0.000103599
0.000109463
9.38251e-05
0.000107508
8.99158e-05
6.84142e-05
9.38251e-05
9.57798e-05
0.000105553
8.01423e-05
7.23235e-05
8.60064e-05
8.40517e-05
7.62329e-05
8.40517e-05
6.84142e-05
8.40517e-05
5.6686e-05
6.05954e-05
7.03689e-05
5.47313e-05
7.03689e-05
5.47313e-05
4.88673e-05
7.42782e-05
6.05954e-05
4.49579e-05
4.30032e-05
4.49579e-05
4.49579e-05
2.5411e-05
3.90938e-05
3.32297e-05
3.71391e-05
7.42782e-05
3.51844e-05
4.10485e-05
3.32297e-05
2.93204e-05
4.49579e-05
3.71391e-05
3.51844e-05
4.10485e-05
2.73657e-05
3.32297e-05
2.15016e-05
3.1275e-05
1.75922e-05
2.15016e-05
3.32297e-05
1.95469e-05
2.73657e-05
2.34563e-05
1.56375e-05
2.15016e-05
2.93204e-05
1.56375e-05
2.34563e-05
