0.00059053
0.000520438
0.000534456
0.000469621
0.000473125
0.000432822
0.000443336
0.000481887
0.000501162
0.000427565
0.000434574
0.000501162
0.000432822
0.000497658
0.000473125
0.000466116
0.000462611
0.00043107
0.000425813
0.000411794
0.000448593
0.000438079
0.000462611
0.00056775
0.000583521
0.000895433
0.00147895
0.00206773
0.00283174
0.00354844
0.00428792
0.00482413
0.00510099
0.00539363
0.00522891
0.00517809
0.00520788
0.00498709
0.00472074
0.00452448
0.00421082
0.00404435
0.00387087
0.00353968
0.00325931
0.00309109
0.0028002
0.00269156
0.00245149
0.00231481
0.00227275
0.00195734
0.00188549
0.00182767
0.00183292
0.00160512
0.00156131
0.00147195
0.00135804
0.00121085
0.00118457
0.00120209
0.00120209
0.00101284
0.00099882
0.00090069
0.000928727
0.000816579
0.000814827
0.000795551
0.000707936
0.000709688
0.000671137
0.000632586
0.0006431
0.000648357
0.000508172
0.000513429
0.00052219
0.000527447
0.000504667
0.000432822
0.000455602
0.000406537
0.000387262
0.000359225
0.000373243
0.000348711
0.000367986
0.000348711
0.000348711
0.000315417
0.000317169
0.000303151
0.000317169
0.000273361
0.000299646
0.000282123
0.000219039
0.00025759
0.000245324
0.000231306
0.000201516
0.000219039
0.00018925
0.000198012
0.000224296
0.000164718
0.00018925
0.000182241
0.000175232
0.000180489
0.000145442
0.000152451
0.000119157
0.000138433
0.000134928
0.000131424
8.41112e-05
0.000115653
0.000138433
0.000112148
0.000101634
0.000108644
0.000103387
8.93681e-05
8.76158e-05
9.63774e-05
8.93681e-05
7.35973e-05
0.000101634
5.60741e-05
6.48357e-05
8.06065e-05
9.28727e-05
5.60741e-05
6.13311e-05
5.78264e-05
6.83403e-05
6.6588e-05
5.43218e-05
6.30834e-05
4.73125e-05
5.60741e-05
5.08172e-05
7.35973e-05
6.6588e-05
5.78264e-05
4.73125e-05
4.90648e-05
