0.000791471
0.000720211
0.000703108
0.000675554
0.000644199
0.000646099
0.000661302
0.000633747
0.000657501
0.000674604
0.000619495
0.0006537
0.000618545
0.000636598
0.000577689
0.000655601
0.00071546
0.000841829
0.00120383
0.00198771
0.00272977
0.0032305
0.00383289
0.00395451
0.00404952
0.00378158
0.00371602
0.00348228
0.00320484
0.00311838
0.00286564
0.00265186
0.00236966
0.0022528
0.00207702
0.0019345
0.00177012
0.00171216
0.00156204
0.00146132
0.00135111
0.00127415
0.00115728
0.00113732
0.00106701
0.000970099
0.000895037
0.000892187
0.000817125
0.000770568
0.000694557
0.000666052
0.000623296
0.000624246
0.000552985
0.000506428
0.000517829
0.000500727
0.000475073
0.000415214
0.000450369
0.000403812
0.000382909
0.000399061
0.000368657
0.000322099
0.00032305
0.000354404
0.000299296
0.0003259
0.000277443
0.000271742
0.000278393
0.000244187
0.000252739
0.000243237
0.000226135
0.000218534
0.000241337
0.000200481
0.000199531
0.000200481
0.000199531
0.000184328
0.000159625
0.000189079
0.000143472
0.000176727
0.000177677
0.000150123
0.000144422
0.000141572
0.000149173
0.000150123
0.000147273
0.00012922
0.00012827
0.000122569
0.00013302
0.000103566
0.00013112
0.000108317
0.000115918
0.000111167
0.000107366
9.50146e-05
9.1214e-05
0.000109267
8.83636e-05
9.59647e-05
9.88152e-05
8.17125e-05
9.1214e-05
8.26627e-05
8.36128e-05
7.60117e-05
8.83636e-05
8.83636e-05
9.1214e-05
7.98123e-05
7.60117e-05
6.27096e-05
5.8909e-05
7.98123e-05
6.65102e-05
6.46099e-05
5.79589e-05
6.93606e-05
6.65102e-05
6.36598e-05
6.65102e-05
6.65102e-05
5.70088e-05
6.84105e-05
6.55601e-05
6.74604e-05
6.08093e-05
5.79589e-05
6.65102e-05
7.12609e-05
7.03108e-05
5.13079e-05
4.94076e-05
5.03577e-05
5.70088e-05
5.98592e-05
6.46099e-05
5.79589e-05
5.2258e-05
5.98592e-05
